7 0.421405 0.321906 0.137124 0.339465
7 0.322742 0.328595 0.127090 0.316054
7 0.242475 0.325251 0.113712 0.295987
7 0.074415 0.306856 0.148829 0.409699
7 0.930602 0.386288 0.138796 0.290970
7 0.709030 0.412207 0.123746 0.195652
7 0.604515 0.408863 0.112040 0.182274
7 0.781773 0.403846 0.108696 0.188963
7 0.845318 0.280936 0.118729 0.354515
7 0.142977 0.321070 0.125418 0.324415
7 0.678094 0.300167 0.138796 0.282609
7 0.582776 0.299331 0.125418 0.260870
7 0.539298 0.401338 0.122074 0.180602
7 0.758361 0.311873 0.115385 0.295987
7 0.485786 0.268395 0.102007 0.272575
7 0.273411 0.235786 0.108696 0.297659
7 0.359532 0.229933 0.086957 0.285953
7 0.616221 0.230769 0.095318 0.294314