8 0.418415 0.295429 0.257687 0.155198
8 0.485033 0.386205 0.253294 0.158126
8 0.545063 0.478445 0.247438 0.143485
8 0.602164 0.558972 0.229868 0.178624
8 0.650480 0.658533 0.218155 0.178624
8 0.820319 0.758093 0.209370 0.213763
8 0.706117 0.747844 0.215227 0.207906
8 0.599235 0.742720 0.197657 0.183016
8 0.531885 0.665853 0.180088 0.169839
8 0.472588 0.567757 0.207906 0.178624
8 0.427200 0.485765 0.248902 0.172767
8 0.366439 0.407435 0.238653 0.130307
8 0.481373 0.747112 0.202050 0.180088
8 0.433057 0.673174 0.213763 0.155198
8 0.377420 0.564828 0.243045 0.175695
8 0.318123 0.479909 0.232796 0.155198
8 0.259557 0.572881 0.235725 0.177160
8 0.304213 0.659265 0.204978 0.174231
8 0.349601 0.744184 0.178624 0.171303
8 0.240524 0.733203 0.203514 0.175695
8 0.184155 0.645355 0.199122 0.178624
8 0.130714 0.742720 0.185944 0.150805