8 0.463071 0.506995 0.663250 0.235725
8 0.456483 0.353262 0.623719 0.200586
8 0.878884 0.909793 0.200586 0.180413
8 0.703189 0.914186 0.206442 0.171628
8 0.527493 0.920042 0.188873 0.159915
8 0.343745 0.925167 0.207906 0.149666
8 0.152676 0.934684 0.191801 0.130632
8 0.177566 0.794697 0.194729 0.187408
8 0.349601 0.794697 0.172767 0.231332
8 0.526761 0.788840 0.169839 0.231332
8 0.697332 0.769074 0.177160 0.241581
8 0.861314 0.753701 0.177160 0.225476
8 0.840817 0.588986 0.156662 0.197657
8 0.187083 0.635107 0.178624 0.181552
8 0.357654 0.641695 0.153734 0.165447
8 0.514316 0.640963 0.165447 0.190337
8 0.690011 0.623394 0.165447 0.199122
8 0.951521 0.578738 0.096958 0.209370
8 0.927363 0.444770 0.145274 0.202050
8 0.074345 0.485765 0.143485 0.204978
8 0.069953 0.360582 0.137628 0.224012
8 0.079470 0.222222 0.153734 0.196193
8 0.218562 0.231007 0.150805 0.213763
8 0.356922 0.241256 0.158126 0.202050
8 0.496014 0.234667 0.140556 0.191801
8 0.627054 0.223686 0.150805 0.193265
8 0.759557 0.214170 0.146413 0.191801
8 0.907435 0.330568 0.169839 0.225476
8 0.782251 0.337156 0.139092 0.212299
8 0.882544 0.206117 0.161054 0.190337
8 0.867171 0.093379 0.136164 0.172767
8 0.740524 0.109484 0.117130 0.204978
8 0.619733 0.129982 0.124451 0.225476
8 0.485765 0.130714 0.131772 0.218155
8 0.353994 0.125590 0.140556 0.219619
8 0.217098 0.117537 0.139092 0.215227
8 0.086790 0.121929 0.168375 0.226940
8 0.949162 0.113877 0.098097 0.204978
8 0.068489 0.629250 0.128843 0.175695
8 0.055312 0.800553 0.105417 0.184480