9 0.293558 0.467626 0.428990 0.894583
9 0.912152 0.206279 0.073206 0.114202
9 0.874817 0.198227 0.071742 0.106881
9 0.835286 0.190906 0.077599 0.118594
9 0.793558 0.179193 0.076135 0.121523
9 0.743045 0.167480 0.080527 0.121523
9 0.947291 0.653571 0.105417 0.171303
9 0.910688 0.680657 0.140556 0.172767
9 0.847731 0.715064 0.128843 0.185944
9 0.776720 0.734830 0.124451 0.196193
9 0.715959 0.757524 0.117130 0.185944
6 0.564422 0.122173 0.241581 0.244346
6 0.577599 0.357817 0.229868 0.282577
6 0.558565 0.605255 0.253294 0.262079
6 0.590776 0.828534 0.177160 0.269400
6 0.357247 0.834391 0.316252 0.295754
6 0.101025 0.332195 0.202050 0.348463
6 0.301611 0.070197 0.333821 0.140394
6 0.762079 0.101676 0.270864 0.203351
6 0.841142 0.294127 0.317716 0.354319