9 0.904100 0.350659 0.165447 0.338214
9 0.748902 0.351391 0.162518 0.333821
9 0.587116 0.351391 0.158126 0.336750
9 0.428990 0.352123 0.161054 0.338214
9 0.264275 0.352123 0.171303 0.346999
9 0.099561 0.351391 0.169839 0.336750
9 0.176428 0.318448 0.177160 0.341142
9 0.347731 0.321376 0.180088 0.335286
9 0.514641 0.316984 0.159590 0.338214
9 0.676428 0.314788 0.158126 0.339678
9 0.838214 0.318448 0.162518 0.346999
9 0.746706 0.254026 0.158126 0.297218
9 0.586384 0.260615 0.162518 0.284041
9 0.425329 0.257687 0.153734 0.295754
9 0.268668 0.259151 0.159590 0.289898