10 0.828697 0.620628 0.128843 0.483163
10 0.707906 0.615503 0.133236 0.481698
10 0.602489 0.616236 0.139092 0.486091
10 0.489751 0.619164 0.121523 0.489019
10 0.543192 0.294859 0.550512 0.086384
10 0.534407 0.341711 0.518302 0.062958
10 0.538799 0.237026 0.538799 0.093704
10 0.536603 0.174801 0.543192 0.101025
10 0.535139 0.103058 0.537335 0.083455
10 0.363836 0.663088 0.115666 0.556369
10 0.298682 0.660159 0.099561 0.559297
10 0.237189 0.654303 0.090776 0.556369
10 0.167643 0.654303 0.098097 0.576867
18 0.663250 0.619164 0.494876 0.518302
18 0.540996 0.211404 0.581259 0.338214