12 0.693997 0.329266 0.266471 0.483163
12 0.968521 0.123556 0.062958 0.185944
12 0.878477 0.174069 0.114202 0.172767
12 0.829429 0.269237 0.124451 0.175695
12 0.756955 0.082561 0.120059 0.142020
12 0.576135 0.104523 0.098097 0.165447
12 0.480966 0.158695 0.112738 0.159590
12 0.437775 0.232634 0.102489 0.178624
12 0.361640 0.190174 0.099561 0.172767
12 0.250366 0.096551 0.134700 0.193102
12 0.196925 0.276558 0.098097 0.178624
12 0.148609 0.176265 0.101025 0.194729
12 0.049048 0.114771 0.098096 0.197657