7 0.654682 0.501672 0.352843 0.200669
7 0.841973 0.500000 0.306020 0.224080
7 0.890468 0.342809 0.152174 0.351171
7 0.769231 0.336957 0.157191 0.312709
7 0.647157 0.298495 0.143813 0.349498
7 0.508361 0.372910 0.127090 0.267559
7 0.336120 0.480769 0.297659 0.152174
7 0.146321 0.362040 0.132107 0.339465
7 0.061037 0.335284 0.115385 0.326087
7 0.257525 0.366221 0.130435 0.244147
7 0.373746 0.336957 0.138796 0.295987
7 0.473244 0.295987 0.127090 0.301003
7 0.880435 0.283445 0.132107 0.326087
7 0.805184 0.274247 0.115385 0.354515
7 0.702341 0.285953 0.110368 0.351171
7 0.613712 0.171405 0.130435 0.332776
7 0.501672 0.179766 0.113712 0.309365
7 0.394649 0.173077 0.107023 0.299331
7 0.367057 0.237458 0.122074 0.280936
7 0.254181 0.242475 0.123746 0.264214
7 0.282609 0.193144 0.123746 0.322742
7 0.153846 0.310201 0.130435 0.319398