8 0.924272 0.860582 0.083455 0.266471
8 0.853262 0.862047 0.090776 0.260615
8 0.782984 0.861314 0.084919 0.259151
8 0.709777 0.861314 0.108346 0.267936
8 0.941109 0.803481 0.090776 0.275256
8 0.875224 0.803481 0.093704 0.278184
8 0.802017 0.802017 0.087848 0.278184
8 0.731007 0.806410 0.083455 0.266471
8 0.478445 0.250773 0.207906 0.074671
8 0.481373 0.313730 0.213763 0.068814
8 0.482105 0.367171 0.212299 0.081991
8 0.479909 0.433789 0.213763 0.074671
8 0.478445 0.493818 0.207906 0.071742
8 0.479177 0.558972 0.212299 0.079063
8 0.477713 0.610948 0.215227 0.083455
8 0.482837 0.679030 0.216691 0.079063