8 0.438127 0.370401 0.638796 0.192308
8 0.443144 0.549331 0.668896 0.209030
8 0.839465 0.648829 0.297659 0.193980
8 0.857860 0.813545 0.274247 0.202341
8 0.715719 0.816890 0.200669 0.205686
8 0.571070 0.764214 0.198997 0.217391
8 0.419732 0.811873 0.187291 0.192308
8 0.437291 0.660535 0.192308 0.160535
8 0.786789 0.368729 0.185619 0.235786
8 0.265886 0.793478 0.207358 0.188963
8 0.112040 0.780100 0.214047 0.188963
8 0.105351 0.615385 0.200669 0.200669
8 0.265886 0.628763 0.173913 0.157191
8 0.099498 0.445652 0.168896 0.158863
8 0.163043 0.323579 0.182274 0.185619
8 0.326087 0.319398 0.160535 0.167224
8 0.488294 0.319398 0.147157 0.153846
8 0.637124 0.321070 0.140468 0.167224
8 0.860368 0.219064 0.172241 0.180602
8 0.709030 0.215719 0.150502 0.197324
8 0.562709 0.208194 0.172241 0.178930
8 0.416388 0.203177 0.170569 0.185619
8 0.266722 0.206522 0.175585 0.205686
8 0.135452 0.207358 0.200669 0.207358