6 0.486430 0.492108 0.292338 0.572367
6 0.833659 0.509191 0.332682 0.497804
6 0.154303 0.485033 0.308606 0.531479
8 0.954287 0.610948 0.073206 0.209370
8 0.918415 0.613145 0.080527 0.216691
8 0.874492 0.614609 0.065886 0.207906
8 0.829104 0.612413 0.077599 0.215227
8 0.488694 0.435985 0.213763 0.067350
8 0.136571 0.531153 0.218155 0.064422
8 0.490890 0.526029 0.226940 0.054173
8 0.490890 0.570685 0.226940 0.049780
8 0.490890 0.621929 0.218155 0.058565
8 0.489426 0.667317 0.221083 0.052709
8 0.489426 0.713437 0.221083 0.039531
8 0.130714 0.659997 0.212299 0.058565
8 0.133642 0.617537 0.235725 0.049780
8 0.132910 0.580934 0.228404 0.070278