8 0.334228 0.676102 0.156662 0.354319
8 0.239792 0.639499 0.143485 0.371889
8 0.159997 0.586058 0.133236 0.358712
8 0.091915 0.537010 0.131772 0.333821
8 0.408167 0.633642 0.117130 0.363104
8 0.473320 0.570685 0.127379 0.342606
8 0.528225 0.512120 0.122987 0.316252
8 0.585326 0.464536 0.122987 0.308931
8 0.635107 0.425004 0.120059 0.288433
8 0.686351 0.378884 0.102489 0.260615
8 0.731007 0.340817 0.115666 0.245974
8 0.763218 0.312266 0.095168 0.232796
8 0.791768 0.280055 0.102489 0.221083
8 0.830568 0.251505 0.083455 0.210835
8 0.858386 0.228811 0.071742 0.212299
8 0.883276 0.196600 0.060029 0.197657
8 0.907435 0.176834 0.076135 0.193265
8 0.320319 0.567757 0.128843 0.316252
8 0.243452 0.515780 0.121523 0.311859
8 0.170246 0.455019 0.115666 0.260615
8 0.243452 0.403774 0.112738 0.237189
8 0.318855 0.429396 0.105417 0.212299
8 0.390597 0.461607 0.087848 0.206442
8 0.447698 0.433789 0.099561 0.226940
8 0.375224 0.409631 0.103953 0.243045
8 0.318123 0.351066 0.109810 0.199122
8 0.372295 0.312998 0.103953 0.158126
8 0.445502 0.353262 0.109810 0.203514
8 0.516512 0.425004 0.111274 0.279649
8 0.567025 0.363511 0.098097 0.229868
8 0.417683 0.296893 0.109810 0.187408
8 0.485765 0.329104 0.093704 0.219619
8 0.534082 0.321783 0.070278 0.269400
8 0.601432 0.340817 0.090776 0.228404
8 0.468196 0.295429 0.090776 0.260615
8 0.512120 0.264682 0.070278 0.237189
8 0.575077 0.280055 0.096633 0.218155
8 0.651212 0.312266 0.096633 0.232796
8 0.701724 0.282984 0.077599 0.229868
8 0.729543 0.254433 0.071742 0.237189
8 0.624126 0.252237 0.071742 0.212299
8 0.553115 0.231007 0.079063 0.219619
8 0.597039 0.205385 0.079063 0.212299
8 0.659265 0.205385 0.095168 0.171303
8 0.762486 0.229543 0.079063 0.210835
8 0.791036 0.205385 0.065886 0.206442
8 0.818855 0.216366 0.071742 0.278184
8 0.859118 0.159265 0.079063 0.210835
8 0.732471 0.180495 0.077599 0.183016
8 0.683423 0.184155 0.076135 0.222548
8 0.715634 0.168782 0.070278 0.235725
8 0.752237 0.151212 0.067350 0.253294
8 0.804945 0.154140 0.076135 0.218155