6 0.255165 0.308606 0.203514 0.606149
6 0.660729 0.538474 0.628111 0.360176
6 0.444770 0.832764 0.828697 0.313324
6 0.434521 0.705385 0.691069 0.181552
8 0.210509 0.184887 0.084919 0.080527
8 0.222222 0.282252 0.081991 0.067350
8 0.218562 0.368635 0.092240 0.081991
8 0.223686 0.460143 0.087848 0.086384
8 0.229543 0.549455 0.081991 0.074671
8 0.758825 0.785912 0.103953 0.084919
8 0.652676 0.810070 0.096633 0.092240
8 0.537010 0.837888 0.108346 0.089312
8 0.413291 0.864243 0.112738 0.089312
8 0.281519 0.884008 0.109810 0.093704
8 0.296161 0.702456 0.095168 0.070278
8 0.398650 0.714170 0.077599 0.079063
8 0.506263 0.720758 0.093704 0.068814