8 0.942736 0.755897 0.114527 0.396779
8 0.853262 0.755165 0.120059 0.389458
8 0.750041 0.754433 0.130307 0.393851
8 0.660729 0.760290 0.118594 0.382138
8 0.296893 0.632178 0.134700 0.228404
8 0.359850 0.581666 0.105417 0.212299
8 0.410363 0.547259 0.089312 0.213763
8 0.471856 0.498211 0.089312 0.188873
8 0.510656 0.467464 0.079063 0.185944
8 0.559704 0.419148 0.080527 0.159590
8 0.222222 0.595575 0.108346 0.231332
8 0.282984 0.569953 0.092240 0.253294
8 0.349601 0.525297 0.084919 0.225476
8 0.397186 0.461607 0.068814 0.183016
8 0.456483 0.424272 0.067350 0.187408
8 0.493818 0.408167 0.062958 0.199122
8 0.541402 0.381812 0.070278 0.187408
8 0.594111 0.390597 0.061493 0.155198
8 0.629250 0.364975 0.067350 0.174231
8 0.674638 0.340085 0.061493 0.177160
8 0.710509 0.315926 0.060029 0.184480
8 0.733935 0.293965 0.051245 0.193265
8 0.753701 0.267610 0.064422 0.181552
8 0.167317 0.558240 0.101025 0.241581
8 0.134374 0.501139 0.096633 0.191801
8 0.102896 0.479177 0.095168 0.200586
8 0.244184 0.517976 0.090776 0.216691
8 0.304945 0.485033 0.080527 0.206442
8 0.343745 0.441842 0.081991 0.184480
8 0.407435 0.427200 0.083455 0.210835
8 0.449894 0.397918 0.074671 0.222548
8 0.489426 0.358386 0.068814 0.196193
8 0.525297 0.322515 0.064422 0.177160
8 0.554579 0.298357 0.055637 0.178624
8 0.576541 0.351798 0.073206 0.183016
8 0.619001 0.306410 0.067350 0.153734
8 0.654140 0.291036 0.079063 0.166911
8 0.685619 0.265414 0.065886 0.162518
8 0.714170 0.235399 0.064422 0.152269
8 0.597039 0.274931 0.061493 0.175695
8 0.623394 0.261754 0.052709 0.202050
8 0.657801 0.253701 0.057101 0.212299
8 0.201724 0.476981 0.070278 0.216691
8 0.249309 0.441842 0.095168 0.175695
8 0.296161 0.420612 0.089312 0.206442
8 0.346673 0.400846 0.073206 0.228404
8 0.397186 0.381812 0.077599 0.234261
8 0.438181 0.345941 0.074671 0.209370
8 0.473320 0.304946 0.062958 0.180088
8 0.510656 0.273467 0.061493 0.187408
8 0.540670 0.253701 0.071742 0.171303
8 0.154872 0.425004 0.070278 0.153734
8 0.220758 0.403774 0.087848 0.146413
8 0.263218 0.382544 0.081991 0.174231
8 0.310802 0.340085 0.077599 0.159590
8 0.377420 0.296161 0.076135 0.127379
8 0.444770 0.274931 0.052709 0.146413
8 0.485765 0.255165 0.073206 0.168375
8 0.578006 0.203921 0.055637 0.168375
6 0.434684 0.406865 0.869367 0.813730