6 0.480966 0.240849 0.774524 0.385066
6 0.474378 0.531479 0.658858 0.289898
6 0.647145 0.722548 0.594436 0.358712
11 0.442167 0.644949 0.111274 0.153734
11 0.492679 0.594436 0.153734 0.248902
0 0.329429 0.753294 0.131772 0.226940
0 0.336750 0.704978 0.140556 0.229868
0 0.352123 0.641288 0.115666 0.196193
0 0.377745 0.628111 0.120059 0.240117
0 0.240117 0.720351 0.131772 0.263543
0 0.262811 0.677160 0.136164 0.250366
0 0.277452 0.629575 0.133236 0.219619
0 0.137628 0.720351 0.137628 0.251830
0 0.161786 0.666911 0.136164 0.232796
0 0.191801 0.617862 0.134700 0.213763