11 0.926061 0.308036 0.147877 0.546120
11 0.782577 0.357817 0.194729 0.405564
11 0.680088 0.354156 0.171303 0.389458
11 0.559297 0.299984 0.199122 0.448023
11 0.446559 0.303644 0.158126 0.440703
11 0.327965 0.301448 0.163982 0.412884
11 0.232064 0.278754 0.130307 0.364568
11 0.153001 0.278754 0.139092 0.338214
11 0.082723 0.274361 0.118594 0.326501
11 0.043924 0.283146 0.084919 0.300146
11 0.665447 0.810314 0.420205 0.379372
11 0.338946 0.813974 0.168375 0.372051
11 0.240117 0.734830 0.269400 0.483163
11 0.081259 0.670408 0.162518 0.424597