12 0.935578 0.248007 0.128843 0.226940
12 0.790630 0.096470 0.120059 0.169839
12 0.890190 0.397348 0.213763 0.276720
12 0.746706 0.523995 0.163982 0.216691
12 0.710835 0.322678 0.130307 0.185944
12 0.519034 0.407597 0.153734 0.200586
12 0.546120 0.264845 0.114202 0.152269
12 0.383602 0.148446 0.155198 0.215227
12 0.278184 0.554010 0.196193 0.265007
12 0.344802 0.406865 0.124451 0.155198
12 0.223280 0.338051 0.136164 0.178624
12 0.113470 0.173337 0.103953 0.147877
12 0.061493 0.425899 0.122986 0.240117