7 0.923077 0.607023 0.130435 0.327759
7 0.826087 0.610368 0.090301 0.301003
7 0.778428 0.519231 0.098662 0.222408
7 0.792642 0.698997 0.137124 0.431438
7 0.696488 0.614548 0.142140 0.336120
7 0.623746 0.517559 0.153846 0.285953
7 0.647157 0.740803 0.113712 0.374582
7 0.570234 0.665552 0.107023 0.341137
7 0.479097 0.649666 0.135452 0.403010
7 0.441472 0.525084 0.107023 0.237458
7 0.371237 0.599498 0.150502 0.336120
7 0.218227 0.491639 0.135452 0.257525
7 0.077759 0.569398 0.128763 0.282609
7 0.152174 0.575251 0.120401 0.331104
7 0.177258 0.694816 0.123746 0.389632
7 0.282609 0.643813 0.140468 0.337793
7 0.367057 0.730769 0.135452 0.404682
