7 0.076923 0.392977 0.130435 0.327759
7 0.173913 0.389632 0.090301 0.301003
7 0.221572 0.480769 0.098662 0.222408
7 0.207358 0.301003 0.137124 0.431438
7 0.303512 0.385452 0.142140 0.336120
7 0.376254 0.482441 0.153846 0.285953
7 0.352843 0.259197 0.113712 0.374582
7 0.429766 0.334448 0.107023 0.341137
7 0.520903 0.350334 0.135452 0.403010
7 0.558528 0.474916 0.107023 0.237458
7 0.628763 0.400502 0.150502 0.336120
7 0.781773 0.508361 0.135452 0.257525
7 0.922241 0.430602 0.128763 0.282609
7 0.847826 0.424749 0.120401 0.331104
7 0.822742 0.305184 0.123746 0.389632
7 0.717391 0.356187 0.140468 0.337793
7 0.632943 0.269231 0.135452 0.404682
