4 0.470736 0.899666 0.312709 0.200668
7 0.321906 0.762542 0.145485 0.354515
7 0.561873 0.778428 0.190635 0.346154
7 0.259197 0.705686 0.187291 0.337793
7 0.769231 0.614548 0.183946 0.429766
7 0.870401 0.495819 0.142140 0.496656
7 0.753344 0.481605 0.158863 0.448161
7 0.796823 0.258361 0.162207 0.493311
7 0.659699 0.357860 0.148829 0.394649
7 0.510870 0.229097 0.152174 0.397993
7 0.384615 0.406355 0.137124 0.314381
7 0.250000 0.538462 0.175585 0.314381
7 0.227425 0.428930 0.137124 0.316054
7 0.316890 0.301003 0.152174 0.297659
4 0.443144 0.714883 0.163880 0.245819
4 0.403010 0.622074 0.180602 0.247492
4 0.536789 0.602843 0.147157 0.265886
4 0.665552 0.570234 0.190635 0.244147
4 0.545151 0.457358 0.210702 0.339465
