4 0.529264 0.100334 0.312709 0.200668
7 0.678094 0.237458 0.145485 0.354515
7 0.438127 0.221572 0.190635 0.346154
7 0.740803 0.294314 0.187291 0.337793
7 0.230769 0.385452 0.183946 0.429766
7 0.129599 0.504181 0.142140 0.496656
7 0.246656 0.518395 0.158863 0.448161
7 0.203177 0.741639 0.162207 0.493311
7 0.340301 0.642140 0.148829 0.394649
7 0.489130 0.770903 0.152174 0.397993
7 0.615385 0.593645 0.137124 0.314381
7 0.750000 0.461538 0.175585 0.314381
7 0.772575 0.571070 0.137124 0.316054
7 0.683110 0.698997 0.152174 0.297659
4 0.556856 0.285117 0.163880 0.245819
4 0.596990 0.377926 0.180602 0.247492
4 0.463211 0.397157 0.147157 0.265886
4 0.334448 0.429766 0.190635 0.244147
4 0.454849 0.542642 0.210702 0.339465
