7 0.578595 0.321906 0.137124 0.339465
7 0.677258 0.328595 0.127090 0.316054
7 0.757525 0.325251 0.113712 0.295987
7 0.925585 0.306856 0.148829 0.409699
7 0.069398 0.386288 0.138796 0.290970
7 0.290970 0.412207 0.123746 0.195652
7 0.395485 0.408863 0.112040 0.182274
7 0.218227 0.403846 0.108696 0.188963
7 0.154682 0.280936 0.118729 0.354515
7 0.857023 0.321070 0.125418 0.324415
7 0.321906 0.300167 0.138796 0.282609
7 0.417224 0.299331 0.125418 0.260870
7 0.460702 0.401338 0.122074 0.180602
7 0.241639 0.311873 0.115385 0.295987
7 0.514214 0.268395 0.102007 0.272575
7 0.726589 0.235786 0.108696 0.297659
7 0.640468 0.229933 0.086957 0.285953
7 0.383779 0.230769 0.095318 0.294314
