7 0.448997 0.785117 0.312709 0.429766
7 0.211538 0.829431 0.359532 0.341137
7 0.589465 0.688963 0.239130 0.458194
7 0.733278 0.582776 0.222408 0.449833
7 0.773411 0.459866 0.185619 0.418060
7 0.870401 0.383779 0.192308 0.403010
7 0.367893 0.670569 0.270903 0.441472
7 0.146321 0.755853 0.292642 0.488294
7 0.489967 0.572742 0.234114 0.413043
7 0.610368 0.474080 0.180602 0.356187
7 0.923913 0.316054 0.152174 0.384615
7 0.927258 0.204849 0.145484 0.359532
7 0.775920 0.255017 0.147157 0.302676
7 0.897157 0.245819 0.145485 0.334448
7 0.650502 0.377090 0.177258 0.309365
7 0.737458 0.336120 0.167224 0.344482
7 0.381271 0.494147 0.210702 0.349498
7 0.209030 0.624582 0.247492 0.406355
7 0.112040 0.547659 0.224080 0.386288
7 0.231605 0.526756 0.202341 0.381271
7 0.494983 0.411371 0.187291 0.307692
7 0.417224 0.361204 0.165552 0.280936
7 0.298495 0.411371 0.212375 0.307692
7 0.111204 0.462375 0.212375 0.326087
7 0.194816 0.402174 0.185619 0.332776
7 0.318562 0.378763 0.182274 0.362876
7 0.564381 0.325251 0.158863 0.272575
7 0.658027 0.282609 0.152174 0.294314
7 0.475753 0.297659 0.152174 0.287625
7 0.564381 0.267559 0.158863 0.304348
7 0.459030 0.250000 0.148829 0.309365
7 0.353679 0.288462 0.145485 0.302676
7 0.505853 0.193144 0.122074 0.306020
7 0.589465 0.205686 0.125418 0.280936
7 0.671405 0.224916 0.125418 0.292642
7 0.799331 0.179766 0.143813 0.272575
7 0.607023 0.124582 0.113712 0.212375
7 0.692308 0.150502 0.103679 0.230769
7 0.742475 0.120401 0.123746 0.234114
7 0.840301 0.122910 0.145485 0.242475
