7 0.734950 0.724916 0.128763 0.466555
7 0.262542 0.235786 0.424749 0.311037
4 0.306020 0.595318 0.066890 0.143813
4 0.174749 0.566890 0.168896 0.100334
4 0.122074 0.609532 0.193980 0.088629
4 0.229097 0.647157 0.167224 0.150502
4 0.380435 0.596154 0.152174 0.138796
4 0.877926 0.128763 0.100334 0.200669
4 0.815217 0.129599 0.091973 0.195652
4 0.744147 0.136288 0.100334 0.205686
4 0.673913 0.142140 0.100334 0.217391
4 0.607023 0.158027 0.096990 0.229097
7 0.880435 0.222408 0.102007 0.234114
7 0.793478 0.271739 0.091973 0.275920
7 0.714047 0.307692 0.086957 0.297659
7 0.629599 0.290970 0.102007 0.297659
7 0.394649 0.735786 0.083612 0.254181
7 0.295151 0.792642 0.078595 0.274247
7 0.222408 0.810201 0.103679 0.282609
7 0.114548 0.726589 0.098662 0.195652
