7 0.677258 0.651338 0.297659 0.145485
7 0.834448 0.574415 0.120401 0.295987
7 0.928930 0.479097 0.122074 0.279264
7 0.820234 0.398829 0.122074 0.252508
7 0.757525 0.495819 0.117057 0.229097
7 0.690635 0.492475 0.107023 0.285953
7 0.811037 0.267559 0.123746 0.260870
7 0.740803 0.313545 0.107023 0.249164
7 0.624582 0.392140 0.115385 0.252508
7 0.530100 0.520903 0.270903 0.165552
7 0.231605 0.454013 0.122074 0.279264
7 0.132943 0.447324 0.138796 0.312709
7 0.393813 0.444816 0.128763 0.294314
7 0.326087 0.427258 0.107023 0.285953
