7 0.727425 0.403010 0.334448 0.183946
7 0.906355 0.243311 0.137124 0.416388
7 0.750000 0.218227 0.118729 0.329431
7 0.588629 0.285953 0.147157 0.247492
7 0.390468 0.236622 0.125418 0.289298
7 0.247492 0.203177 0.120401 0.336120
7 0.253344 0.388796 0.242475 0.165552
7 0.099498 0.295987 0.122074 0.224080
7 0.896321 0.750000 0.140468 0.392977
7 0.759197 0.728261 0.103679 0.235786
7 0.749164 0.869565 0.317726 0.220736
7 0.584448 0.781773 0.152174 0.329431
0 0.416388 0.763378 0.127090 0.316054
0 0.354515 0.838629 0.294314 0.152174
0 0.265886 0.729097 0.160535 0.301003
0 0.137960 0.754181 0.122074 0.230769
0 0.107023 0.865385 0.210702 0.162207
