7 0.345318 0.501672 0.352843 0.200669
7 0.158027 0.500000 0.306020 0.224080
7 0.109532 0.342809 0.152174 0.351171
7 0.230769 0.336957 0.157191 0.312709
7 0.352843 0.298495 0.143813 0.349498
7 0.491639 0.372910 0.127090 0.267559
7 0.663880 0.480769 0.297659 0.152174
7 0.853679 0.362040 0.132107 0.339465
7 0.938963 0.335284 0.115385 0.326087
7 0.742475 0.366221 0.130435 0.244147
7 0.626254 0.336957 0.138796 0.295987
7 0.526756 0.295987 0.127090 0.301003
7 0.119565 0.283445 0.132107 0.326087
7 0.194816 0.274247 0.115385 0.354515
7 0.297659 0.285953 0.110368 0.351171
7 0.386288 0.171405 0.130435 0.332776
7 0.498328 0.179766 0.113712 0.309365
7 0.605351 0.173077 0.107023 0.299331
7 0.632943 0.237458 0.122074 0.280936
7 0.745819 0.242475 0.123746 0.264214
7 0.717391 0.193144 0.123746 0.322742
7 0.846154 0.310201 0.130435 0.319398
