7 0.322742 0.348662 0.297659 0.145485
7 0.165552 0.425585 0.120401 0.295987
7 0.071070 0.520903 0.122074 0.279264
7 0.179766 0.601171 0.122074 0.252508
7 0.242475 0.504181 0.117057 0.229097
7 0.309365 0.507525 0.107023 0.285953
7 0.188963 0.732441 0.123746 0.260870
7 0.259197 0.686455 0.107023 0.249164
7 0.375418 0.607860 0.115385 0.252508
7 0.469900 0.479097 0.270903 0.165552
7 0.768395 0.545987 0.122074 0.279264
7 0.867057 0.552676 0.138796 0.312709
7 0.606187 0.555184 0.128763 0.294314
7 0.673913 0.572742 0.107023 0.285953
