7 0.850334 0.428930 0.162207 0.409699
7 0.719900 0.454013 0.168896 0.409699
7 0.508361 0.457358 0.150502 0.359532
7 0.964883 0.438963 0.070234 0.379599
7 0.397993 0.438127 0.147157 0.438127
4 0.433946 0.469064 0.132107 0.312709
7 0.236622 0.504181 0.155518 0.426421
7 0.062709 0.505853 0.125418 0.433110
7 0.169732 0.454849 0.165552 0.431438
7 0.610368 0.452341 0.153846 0.459866
7 0.775084 0.373746 0.162207 0.433110
7 0.551839 0.378763 0.150502 0.389632
7 0.408027 0.356187 0.143813 0.397993
7 0.205686 0.214883 0.127090 0.299331
7 0.046823 0.203177 0.093645 0.309365
0 0.094482 0.362040 0.132107 0.382943
