7 0.265050 0.275084 0.128763 0.466555
7 0.737458 0.764214 0.424749 0.311037
4 0.693980 0.404682 0.066890 0.143813
4 0.825251 0.433110 0.168896 0.100334
4 0.877926 0.390468 0.193980 0.088629
4 0.770903 0.352843 0.167224 0.150502
4 0.619565 0.403846 0.152174 0.138796
4 0.122074 0.871237 0.100334 0.200669
4 0.184783 0.870401 0.091973 0.195652
4 0.255853 0.863712 0.100334 0.205686
4 0.326087 0.857860 0.100334 0.217391
4 0.392977 0.841973 0.096990 0.229097
7 0.119565 0.777592 0.102007 0.234114
7 0.206522 0.728261 0.091973 0.275920
7 0.285953 0.692308 0.086957 0.297659
7 0.370401 0.709030 0.102007 0.297659
7 0.605351 0.264214 0.083612 0.254181
7 0.704849 0.207358 0.078595 0.274247
7 0.777592 0.189799 0.103679 0.282609
7 0.885452 0.273411 0.098662 0.195652
