7 0.322742 0.651338 0.297659 0.145485
7 0.165552 0.574415 0.120401 0.295987
7 0.071070 0.479097 0.122074 0.279264
7 0.179766 0.398829 0.122074 0.252508
7 0.242475 0.495819 0.117057 0.229097
7 0.309365 0.492475 0.107023 0.285953
7 0.188963 0.267559 0.123746 0.260870
7 0.259197 0.313545 0.107023 0.249164
7 0.375418 0.392140 0.115385 0.252508
7 0.469900 0.520903 0.270903 0.165552
7 0.768395 0.454013 0.122074 0.279264
7 0.867057 0.447324 0.138796 0.312709
7 0.606187 0.444816 0.128763 0.294314
7 0.673913 0.427258 0.107023 0.285953
