8 0.561873 0.370401 0.638796 0.192308
8 0.556856 0.549331 0.668896 0.209030
8 0.160535 0.648829 0.297659 0.193980
8 0.142140 0.813545 0.274247 0.202341
8 0.284281 0.816890 0.200669 0.205686
8 0.428930 0.764214 0.198997 0.217391
8 0.580268 0.811873 0.187291 0.192308
8 0.562709 0.660535 0.192308 0.160535
8 0.213211 0.368729 0.185619 0.235786
8 0.734114 0.793478 0.207358 0.188963
8 0.887960 0.780100 0.214047 0.188963
8 0.894649 0.615385 0.200669 0.200669
8 0.734114 0.628763 0.173913 0.157191
8 0.900502 0.445652 0.168896 0.158863
8 0.836957 0.323579 0.182274 0.185619
8 0.673913 0.319398 0.160535 0.167224
8 0.511706 0.319398 0.147157 0.153846
8 0.362876 0.321070 0.140468 0.167224
8 0.139632 0.219064 0.172241 0.180602
8 0.290970 0.215719 0.150502 0.197324
8 0.437291 0.208194 0.172241 0.178930
8 0.583612 0.203177 0.170569 0.185619
8 0.733278 0.206522 0.175585 0.205686
8 0.864548 0.207358 0.200669 0.207358
