8 0.102007 0.638796 0.046823 0.143813
8 0.140468 0.634615 0.036789 0.142140
8 0.178094 0.636288 0.051839 0.145485
8 0.218227 0.636288 0.045151 0.142140
8 0.045987 0.202341 0.075251 0.117057
8 0.102843 0.436455 0.061873 0.053512
8 0.173077 0.434783 0.051839 0.046823
8 0.248328 0.436455 0.058528 0.056856
8 0.316054 0.438127 0.060201 0.063545
8 0.387124 0.436455 0.051839 0.063545
8 0.549331 0.481605 0.061873 0.207358
8 0.209030 0.193144 0.033445 0.095318
8 0.250836 0.195652 0.030100 0.103679
8 0.270903 0.195652 0.036789 0.100334
8 0.436455 0.201505 0.043478 0.112040
8 0.466555 0.199833 0.036789 0.108696
8 0.663043 0.169732 0.035117 0.105351
8 0.687291 0.165552 0.040134 0.096990
8 0.882107 0.163043 0.031773 0.108696
8 0.916388 0.163880 0.036789 0.110368
8 0.657191 0.471572 0.113712 0.217391
8 0.786789 0.469064 0.095318 0.212375
8 0.929666 0.454008 0.129102 0.246100
8 0.809978 0.677246 0.090102 0.129102
8 0.853349 0.724650 0.088085 0.137843
8 0.346692 0.735409 0.037655 0.105568
8 0.375941 0.737090 0.035637 0.099516
8 0.402838 0.734400 0.035637 0.096826
8 0.434441 0.735409 0.034293 0.098843
8 0.524879 0.737090 0.049758 0.077999
8 0.560180 0.730030 0.061189 0.080016
8 0.584723 0.723642 0.055137 0.072620
8 0.608930 0.712883 0.057827 0.075309
8 0.661377 0.701116 0.064551 0.080016
8 0.688946 0.695737 0.059172 0.073292
8 0.707437 0.687332 0.061189 0.069930
8 0.727945 0.682289 0.055137 0.078671
