8 0.599967 0.440377 0.152269 0.240117
8 0.532618 0.424272 0.166911 0.228404
8 0.455751 0.401578 0.171303 0.218155
8 0.397918 0.387669 0.184480 0.231332
8 0.354726 0.663657 0.118594 0.206442
8 0.458679 0.652676 0.083455 0.216691
8 0.537742 0.649748 0.095168 0.196193
8 0.610216 0.606556 0.070278 0.147877
8 0.690743 0.606556 0.079063 0.188873
8 0.274199 0.666585 0.103953 0.183016
8 0.186351 0.684155 0.098097 0.180088
8 0.905238 0.302749 0.071742 0.155198
8 0.958842 0.316659 0.082316 0.174231
8 0.748577 0.588986 0.080527 0.215227
8 0.828372 0.583130 0.073206 0.226940
8 0.889133 0.575809 0.092240 0.247438
8 0.718562 0.520905 0.084919 0.175695
8 0.790304 0.515780 0.093704 0.191801
8 0.761754 0.479177 0.068814 0.194729
8 0.698796 0.467464 0.080527 0.168375
8 0.739060 0.405970 0.067350 0.139092
8 0.717098 0.387669 0.064422 0.175695
8 0.345209 0.585326 0.117130 0.187408
8 0.263218 0.608752 0.099561 0.210835
8 0.264682 0.534814 0.114202 0.165447
8 0.267610 0.487962 0.084919 0.162518
8 0.274931 0.452823 0.058565 0.185944
8 0.343745 0.429396 0.067350 0.162518
8 0.091915 0.692940 0.105417 0.174231
