8 0.897993 0.638796 0.046823 0.143813
8 0.859532 0.634615 0.036789 0.142140
8 0.821906 0.636288 0.051839 0.145485
8 0.781773 0.636288 0.045151 0.142140
8 0.954013 0.202341 0.075251 0.117057
8 0.897157 0.436455 0.061873 0.053512
8 0.826923 0.434783 0.051839 0.046823
8 0.751672 0.436455 0.058528 0.056856
8 0.683946 0.438127 0.060201 0.063545
8 0.612876 0.436455 0.051839 0.063545
8 0.450669 0.481605 0.061873 0.207358
8 0.790970 0.193144 0.033445 0.095318
8 0.749164 0.195652 0.030100 0.103679
8 0.729097 0.195652 0.036789 0.100334
8 0.563545 0.201505 0.043478 0.112040
8 0.533445 0.199833 0.036789 0.108696
8 0.336957 0.169732 0.035117 0.105351
8 0.312709 0.165552 0.040134 0.096990
8 0.117893 0.163043 0.031773 0.108696
8 0.083612 0.163880 0.036789 0.110368
8 0.342809 0.471572 0.113712 0.217391
8 0.213211 0.469064 0.095318 0.212375
8 0.070334 0.454008 0.129102 0.246100
8 0.190022 0.677246 0.090102 0.129102
8 0.146651 0.724650 0.088085 0.137843
8 0.653308 0.735409 0.037655 0.105568
8 0.624059 0.737090 0.035637 0.099516
8 0.597162 0.734400 0.035637 0.096826
8 0.565559 0.735409 0.034293 0.098843
8 0.475121 0.737090 0.049758 0.077999
8 0.439820 0.730030 0.061189 0.080016
8 0.415277 0.723642 0.055137 0.072620
8 0.391070 0.712883 0.057827 0.075309
8 0.338623 0.701116 0.064551 0.080016
8 0.311054 0.695737 0.059172 0.073292
8 0.292563 0.687332 0.061189 0.069930
8 0.272055 0.682289 0.055137 0.078671
