8 0.643891 0.665121 0.169839 0.320644
8 0.496014 0.643891 0.166911 0.301611
8 0.353262 0.622661 0.165447 0.297218
8 0.223686 0.598503 0.169839 0.292826
8 0.097771 0.580934 0.178624 0.286969
8 0.684887 0.605092 0.169839 0.282577
8 0.550919 0.578006 0.168375 0.275256
8 0.416219 0.560436 0.156662 0.272328
8 0.282984 0.534082 0.156662 0.240117
8 0.158533 0.517976 0.153734 0.243045
8 0.731739 0.562632 0.152269 0.282577
8 0.595575 0.539206 0.155198 0.270864
8 0.463071 0.515048 0.156662 0.248902
8 0.344477 0.503335 0.147877 0.266471
8 0.224418 0.487962 0.142020 0.259151
8 0.274931 0.444038 0.140556 0.229868
8 0.763950 0.512852 0.143485 0.262079
8 0.802749 0.475517 0.130307 0.251830
8 0.828372 0.437449 0.128843 0.243045
8 0.853262 0.407435 0.131772 0.229868
8 0.881812 0.378152 0.115666 0.218155
8 0.898650 0.348869 0.125915 0.212299
8 0.922076 0.319587 0.128843 0.203514
8 0.643891 0.476249 0.143485 0.212299
8 0.676834 0.437449 0.136164 0.199122
8 0.711241 0.409631 0.131772 0.204978
8 0.750041 0.387669 0.130307 0.225476
8 0.772003 0.351798 0.118594 0.197657
8 0.800553 0.328372 0.114202 0.200586
8 0.826907 0.317391 0.125915 0.225476
8 0.517976 0.449162 0.140556 0.196193
8 0.393525 0.443306 0.128843 0.199122
8 0.565560 0.420612 0.139092 0.200586
8 0.436717 0.403042 0.139092 0.180088
8 0.333496 0.398650 0.125915 0.206442
8 0.378152 0.377420 0.121523 0.207906
8 0.599967 0.397186 0.134700 0.212299
8 0.489426 0.359850 0.130307 0.161054
8 0.531885 0.341549 0.127379 0.174231
8 0.637303 0.344477 0.130307 0.162518
8 0.422076 0.323979 0.118594 0.144949
8 0.460875 0.302017 0.108346 0.159590
8 0.565560 0.305678 0.118594 0.134700
8 0.698064 0.297625 0.105417 0.168375
8 0.597039 0.288108 0.111274 0.169839
8 0.540670 0.274931 0.106881 0.190337
8 0.727347 0.281519 0.102489 0.180088
8 0.629982 0.275663 0.103953 0.171303
