8 0.581585 0.295429 0.257687 0.155198
8 0.514967 0.386205 0.253294 0.158126
8 0.454937 0.478445 0.247438 0.143485
8 0.397836 0.558972 0.229868 0.178624
8 0.349520 0.658533 0.218155 0.178624
8 0.179681 0.758093 0.209370 0.213763
8 0.293883 0.747844 0.215227 0.207906
8 0.400765 0.742720 0.197657 0.183016
8 0.468115 0.665853 0.180088 0.169839
8 0.527412 0.567757 0.207906 0.178624
8 0.572800 0.485765 0.248902 0.172767
8 0.633561 0.407435 0.238653 0.130307
8 0.518627 0.747112 0.202050 0.180088
8 0.566943 0.673174 0.213763 0.155198
8 0.622580 0.564828 0.243045 0.175695
8 0.681877 0.479909 0.232796 0.155198
8 0.740443 0.572881 0.235725 0.177160
8 0.695787 0.659265 0.204978 0.174231
8 0.650399 0.744184 0.178624 0.171303
8 0.759476 0.733203 0.203514 0.175695
8 0.815845 0.645355 0.199122 0.178624
8 0.869286 0.742720 0.185944 0.150805
