8 0.794697 0.786644 0.345534 0.279649
8 0.266878 0.820319 0.206442 0.185944
8 0.212705 0.844477 0.203514 0.187408
8 0.199528 0.710509 0.153734 0.124451
8 0.155604 0.720758 0.136164 0.118594
8 0.096307 0.735399 0.140556 0.124451
18 0.261022 0.739792 0.484627 0.490483
8 0.114609 0.340085 0.080527 0.162518
8 0.069953 0.344477 0.084919 0.165447
8 0.427200 0.408899 0.096633 0.127379
8 0.375224 0.389133 0.083455 0.131772
8 0.335692 0.355458 0.062958 0.122987
8 0.357654 0.261022 0.077599 0.139092
8 0.417683 0.278591 0.124451 0.130307
8 0.788108 0.322515 0.089312 0.133236
8 0.862779 0.315194 0.109810 0.136164
8 0.937449 0.329104 0.089312 0.149341
8 0.852530 0.159265 0.112738 0.207906
