8 0.957215 0.205385 0.052709 0.133236
8 0.922076 0.203921 0.038067 0.150805
8 0.700260 0.176834 0.086384 0.161054
8 0.618269 0.173906 0.106881 0.155198
8 0.367171 0.139499 0.143485 0.042460
8 0.371563 0.177566 0.128843 0.045388
8 0.370099 0.210509 0.137628 0.035139
8 0.362047 0.243452 0.136164 0.042460
8 0.071417 0.227347 0.105417 0.060029
8 0.077273 0.172442 0.108346 0.064422
6 0.100862 0.150480 0.201724 0.286969
6 0.367171 0.151212 0.257687 0.297218
6 0.654872 0.156336 0.215227 0.292826
6 0.906865 0.150643 0.186270 0.301285
