8 0.746380 0.822515 0.096633 0.093704
8 0.744916 0.643159 0.096633 0.101025
8 0.741256 0.460143 0.083455 0.086384
8 0.753701 0.291768 0.096633 0.086384
8 0.744184 0.135839 0.092240 0.093704
8 0.547991 0.135839 0.101025 0.090776
8 0.548723 0.294697 0.093704 0.092240
8 0.539938 0.464536 0.084919 0.089312
8 0.546527 0.642427 0.109810 0.102489
8 0.545795 0.823979 0.108346 0.096633
8 0.356190 0.847405 0.101025 0.096633
8 0.152676 0.841549 0.095168 0.096633
8 0.164389 0.660729 0.098097 0.080527
8 0.367903 0.662193 0.074671 0.071742
8 0.382544 0.493086 0.089312 0.087848
8 0.179762 0.490890 0.073206 0.068814
8 0.188547 0.314462 0.102489 0.096633
8 0.389133 0.311534 0.081991 0.087848
8 0.395721 0.158533 0.080527 0.092240
8 0.211241 0.159265 0.098097 0.093704
6 0.261022 0.483000 0.420205 0.966000
6 0.657801 0.469091 0.411420 0.938181
