8 0.689279 0.590451 0.269400 0.183016
8 0.626322 0.509924 0.278184 0.197657
8 0.564096 0.448430 0.291362 0.218155
8 0.501139 0.370099 0.273792 0.207906
8 0.430861 0.300553 0.282577 0.209370
8 0.629982 0.664389 0.241581 0.187408
8 0.534814 0.699528 0.203514 0.178624
8 0.511388 0.745648 0.256223 0.200586
8 0.423540 0.658533 0.203514 0.169839
8 0.509191 0.501139 0.263543 0.171303
8 0.485765 0.632910 0.234261 0.153734
8 0.552383 0.561168 0.200586 0.139092
8 0.425736 0.531153 0.237189 0.187408
8 0.525297 0.498943 0.269400 0.181552
8 0.377420 0.592647 0.243045 0.184480
8 0.411095 0.431593 0.193265 0.181552
8 0.359850 0.345209 0.216691 0.204978
8 0.286644 0.398650 0.234261 0.197657
8 0.237596 0.435985 0.215227 0.210835
8 0.310802 0.506995 0.241581 0.197657
