6 0.479017 0.433057 0.296898 0.600293
6 0.829998 0.442574 0.340003 0.493411
6 0.148446 0.418415 0.296892 0.535871
8 0.946966 0.539938 0.064422 0.219619
8 0.909631 0.544331 0.060029 0.207906
8 0.862047 0.543599 0.061493 0.209370
8 0.814462 0.539938 0.068814 0.199122
8 0.482837 0.373760 0.210835 0.060029
8 0.481373 0.640231 0.213763 0.051245
8 0.481373 0.598503 0.213763 0.067350
8 0.481373 0.547259 0.222548 0.061493
8 0.480641 0.503335 0.212299 0.061493
8 0.482105 0.467464 0.215227 0.089312
8 0.123394 0.604360 0.229868 0.087848
8 0.121197 0.552383 0.213763 0.068814
8 0.125590 0.504067 0.222548 0.060029
8 0.128518 0.460143 0.225476 0.068814
