8 0.646820 0.769806 0.187408 0.213763
8 0.476249 0.774931 0.183016 0.215227
8 0.307142 0.790304 0.169839 0.219619
8 0.137303 0.780787 0.207906 0.209370
8 0.635107 0.619733 0.178624 0.224012
8 0.471856 0.620465 0.174231 0.219619
8 0.310802 0.638035 0.180088 0.237189
8 0.145355 0.635107 0.183016 0.219619
8 0.628518 0.474052 0.174231 0.187408
8 0.474784 0.482105 0.159590 0.174231
8 0.331300 0.480641 0.162518 0.183016
8 0.179762 0.482105 0.184480 0.191801
8 0.187815 0.353994 0.174231 0.161054
8 0.336424 0.359850 0.152269 0.166911
8 0.479177 0.348869 0.147877 0.165447
8 0.624858 0.364243 0.155198 0.219619
8 0.608020 0.253701 0.165447 0.203514
8 0.468196 0.234667 0.155198 0.185944
8 0.334960 0.256629 0.146413 0.209370
8 0.187815 0.261754 0.153734 0.216691
8 0.204653 0.171710 0.143485 0.226940
8 0.337888 0.157068 0.155198 0.206442
8 0.462339 0.179762 0.149341 0.243045
8 0.595575 0.168782 0.149341 0.241581
8 0.709777 0.967464 0.055637 0.049780
8 0.646820 0.971124 0.055637 0.051245
8 0.592647 0.969823 0.061493 0.060354
8 0.546527 0.972751 0.054173 0.054498
8 0.490890 0.970555 0.057101 0.058890
8 0.393525 0.966162 0.084919 0.067675
8 0.333496 0.959574 0.081991 0.080852
8 0.692208 0.264682 0.128843 0.093704
8 0.705385 0.348869 0.140556 0.118594
8 0.700992 0.460143 0.166911 0.109810
8 0.717098 0.555312 0.140556 0.133236
8 0.741256 0.684887 0.144949 0.143485
