4 0.185422 0.216752 0.107417 0.121483
4 0.334399 0.221228 0.126598 0.122762
4 0.494246 0.225703 0.118926 0.121483
4 0.641304 0.221867 0.121483 0.134271
4 0.794118 0.223146 0.150895 0.129156
4 0.831202 0.360614 0.140665 0.138107
4 0.659847 0.357417 0.140665 0.139386
4 0.489770 0.354859 0.140665 0.134271
4 0.325448 0.359335 0.129156 0.130435
4 0.147059 0.358056 0.143223 0.138107
4 0.114450 0.517263 0.147059 0.147059
4 0.305627 0.519182 0.145780 0.166240
4 0.495524 0.519821 0.139386 0.154731
4 0.686061 0.521100 0.167519 0.162404
4 0.861893 0.521100 0.163683 0.154731
