4 0.814578 0.783248 0.107417 0.121483
4 0.665601 0.778772 0.126598 0.122762
4 0.505754 0.774297 0.118926 0.121483
4 0.358696 0.778133 0.121483 0.134271
4 0.205882 0.776854 0.150895 0.129156
4 0.168798 0.639386 0.140665 0.138107
4 0.340153 0.642583 0.140665 0.139386
4 0.510230 0.645141 0.140665 0.134271
4 0.674552 0.640665 0.129156 0.130435
4 0.852941 0.641944 0.143223 0.138107
4 0.885550 0.482737 0.147059 0.147059
4 0.694373 0.480818 0.145780 0.166240
4 0.504476 0.480179 0.139386 0.154731
4 0.313939 0.478900 0.167519 0.162404
4 0.138107 0.478900 0.163683 0.154731
