4 0.185422 0.783248 0.107417 0.121483
4 0.334399 0.778772 0.126598 0.122762
4 0.494246 0.774297 0.118926 0.121483
4 0.641304 0.778133 0.121483 0.134271
4 0.794118 0.776854 0.150895 0.129156
4 0.831202 0.639386 0.140665 0.138107
4 0.659847 0.642583 0.140665 0.139386
4 0.489770 0.645141 0.140665 0.134271
4 0.325448 0.640665 0.129156 0.130435
4 0.147059 0.641944 0.143223 0.138107
4 0.114450 0.482737 0.147059 0.147059
4 0.305627 0.480818 0.145780 0.166240
4 0.495524 0.480179 0.139386 0.154731
4 0.686061 0.478900 0.167519 0.162404
4 0.861893 0.478900 0.163683 0.154731
