4 0.723146 0.533887 0.251918 0.459079
4 0.497442 0.530691 0.235294 0.445013
4 0.259591 0.540281 0.258312 0.459079
4 0.915601 0.841432 0.168798 0.317136
4 0.755115 0.874680 0.175192 0.250639
4 0.589514 0.868926 0.168798 0.262148
4 0.418159 0.877238 0.166240 0.245524
4 0.249361 0.879795 0.166240 0.237852
4 0.083760 0.845908 0.164962 0.305627
4 0.079284 0.534527 0.156010 0.296675
4 0.083120 0.227621 0.166240 0.327366
4 0.251918 0.200128 0.166240 0.259591
4 0.417519 0.203964 0.167519 0.264706
4 0.583760 0.190537 0.162404 0.250639
4 0.746164 0.187340 0.172634 0.259591
4 0.914322 0.226982 0.166240 0.315857
4 0.912404 0.535166 0.175192 0.308184
