4 0.276854 0.466113 0.251918 0.459079
4 0.502558 0.469309 0.235294 0.445013
4 0.740409 0.459719 0.258312 0.459079
4 0.084399 0.158568 0.168798 0.317136
4 0.244885 0.125320 0.175192 0.250639
4 0.410486 0.131074 0.168798 0.262148
4 0.581841 0.122762 0.166240 0.245524
4 0.750639 0.120205 0.166240 0.237852
4 0.916240 0.154092 0.164962 0.305627
4 0.920716 0.465473 0.156010 0.296675
4 0.916880 0.772379 0.166240 0.327366
4 0.748082 0.799872 0.166240 0.259591
4 0.582481 0.796036 0.167519 0.264706
4 0.416240 0.809463 0.162404 0.250639
4 0.253836 0.812660 0.172634 0.259591
4 0.085678 0.773018 0.166240 0.315857
4 0.087596 0.464834 0.175192 0.308184
