4 0.276854 0.533887 0.251918 0.459079
4 0.502558 0.530691 0.235294 0.445013
4 0.740409 0.540281 0.258312 0.459079
4 0.084399 0.841432 0.168798 0.317136
4 0.244885 0.874680 0.175192 0.250639
4 0.410486 0.868926 0.168798 0.262148
4 0.581841 0.877238 0.166240 0.245524
4 0.750639 0.879795 0.166240 0.237852
4 0.916240 0.845908 0.164962 0.305627
4 0.920716 0.534527 0.156010 0.296675
4 0.916880 0.227621 0.166240 0.327366
4 0.748082 0.200128 0.166240 0.259591
4 0.582481 0.203964 0.167519 0.264706
4 0.416240 0.190537 0.162404 0.250639
4 0.253836 0.187340 0.172634 0.259591
4 0.085678 0.226982 0.166240 0.315857
4 0.087596 0.535166 0.175192 0.308184
