3 0.259591 0.450128 0.240409 0.199488
3 0.079284 0.452046 0.158568 0.182864
3 0.494885 0.446931 0.235294 0.203325
3 0.719309 0.443734 0.239130 0.209719
3 0.915601 0.453325 0.168798 0.234015
3 0.087596 0.267263 0.175192 0.194373
3 0.276215 0.257673 0.222506 0.193095
3 0.495524 0.254476 0.221228 0.194373
3 0.710358 0.250639 0.213555 0.189258
3 0.897698 0.248082 0.204604 0.181586
3 0.907289 0.078005 0.185422 0.156010
3 0.720588 0.078005 0.210997 0.156010
3 0.514706 0.084399 0.208440 0.163683
3 0.307545 0.082481 0.210997 0.164962
3 0.101023 0.085678 0.202046 0.171355
