9 0.052709 0.320482 0.090776 0.184480
9 0.114934 0.336587 0.083455 0.190337
9 0.183748 0.318285 0.062958 0.147877
9 0.229136 0.381243 0.083455 0.142020
9 0.291362 0.392956 0.093704 0.115666
9 0.314788 0.313161 0.105417 0.202050
9 0.390922 0.349032 0.102489 0.200586
9 0.457540 0.317553 0.092240 0.193265
9 0.533675 0.350496 0.092240 0.197657
9 0.604685 0.316821 0.087848 0.197657
9 0.677892 0.346104 0.096633 0.197657
9 0.744510 0.314625 0.089312 0.199122
9 0.815520 0.350496 0.087848 0.194729
9 0.876281 0.312429 0.095168 0.203514
9 0.948023 0.347568 0.095168 0.191801
