9 0.947291 0.679518 0.090776 0.184480
9 0.885066 0.663413 0.083455 0.190337
9 0.816252 0.681715 0.062958 0.147877
9 0.770864 0.618757 0.083455 0.142020
9 0.708638 0.607044 0.093704 0.115666
9 0.685212 0.686839 0.105417 0.202050
9 0.609078 0.650968 0.102489 0.200586
9 0.542460 0.682447 0.092240 0.193265
9 0.466325 0.649504 0.092240 0.197657
9 0.395315 0.683179 0.087848 0.197657
9 0.322108 0.653896 0.096633 0.197657
9 0.255490 0.685375 0.089312 0.199122
9 0.184480 0.649504 0.087848 0.194729
9 0.123719 0.687571 0.095168 0.203514
9 0.051977 0.652432 0.095168 0.191801
