9 0.267204 0.746543 0.191801 0.316252
9 0.174231 0.901822 0.096633 0.196356
9 0.243777 0.906946 0.080527 0.186107
9 0.314788 0.908329 0.081991 0.180088
9 0.385798 0.907679 0.095168 0.184642
9 0.459004 0.901741 0.092240 0.184480
9 0.530747 0.906946 0.083455 0.186107
9 0.603953 0.906946 0.098097 0.186107
9 0.673499 0.904018 0.087848 0.191964
9 0.743777 0.907679 0.096633 0.184642
9 0.819912 0.904018 0.096633 0.191964
9 0.386530 0.749471 0.161054 0.316252
9 0.496340 0.758988 0.175695 0.317716
9 0.602489 0.751667 0.185944 0.326501
9 0.717423 0.756060 0.169839 0.306003
