9 0.904100 0.649341 0.165447 0.338214
9 0.748902 0.648609 0.162518 0.333821
9 0.587116 0.648609 0.158126 0.336750
9 0.428990 0.647877 0.161054 0.338214
9 0.264275 0.647877 0.171303 0.346999
9 0.099561 0.648609 0.169839 0.336750
9 0.176428 0.681552 0.177160 0.341142
9 0.347731 0.678624 0.180088 0.335286
9 0.514641 0.683016 0.159590 0.338214
9 0.676428 0.685212 0.158126 0.339678
9 0.838214 0.681552 0.162518 0.346999
9 0.746706 0.745974 0.158126 0.297218
9 0.586384 0.739385 0.162518 0.284041
9 0.425329 0.742313 0.153734 0.295754
9 0.268668 0.740849 0.159590 0.289898
