9 0.095900 0.649341 0.165447 0.338214
9 0.251098 0.648609 0.162518 0.333821
9 0.412884 0.648609 0.158126 0.336750
9 0.571010 0.647877 0.161054 0.338214
9 0.735725 0.647877 0.171303 0.346999
9 0.900439 0.648609 0.169839 0.336750
9 0.823572 0.681552 0.177160 0.341142
9 0.652269 0.678624 0.180088 0.335286
9 0.485359 0.683016 0.159590 0.338214
9 0.323572 0.685212 0.158126 0.339678
9 0.161786 0.681552 0.162518 0.346999
9 0.253294 0.745974 0.158126 0.297218
9 0.413616 0.739385 0.162518 0.284041
9 0.574671 0.742313 0.153734 0.295754
9 0.731332 0.740849 0.159590 0.289898
