9 0.732796 0.253457 0.191801 0.316252
9 0.825769 0.098178 0.096633 0.196356
9 0.756223 0.093054 0.080527 0.186107
9 0.685212 0.091671 0.081991 0.180088
9 0.614202 0.092321 0.095168 0.184642
9 0.540996 0.098259 0.092240 0.184480
9 0.469253 0.093054 0.083455 0.186107
9 0.396047 0.093054 0.098097 0.186107
9 0.326501 0.095982 0.087848 0.191964
9 0.256223 0.092321 0.096633 0.184642
9 0.180088 0.095982 0.096633 0.191964
9 0.613470 0.250529 0.161054 0.316252
9 0.503660 0.241012 0.175695 0.317716
9 0.397511 0.248333 0.185944 0.326501
9 0.282577 0.243940 0.169839 0.306003
