9 0.897511 0.671140 0.172767 0.262079
9 0.803807 0.692370 0.125915 0.237189
9 0.707174 0.673337 0.117130 0.275256
9 0.599561 0.681389 0.133236 0.267936
9 0.490483 0.685050 0.146413 0.263543
9 0.243777 0.696031 0.197657 0.241581
9 0.098097 0.693102 0.155198 0.288433
9 0.736457 0.291199 0.114202 0.248902
9 0.636164 0.295591 0.115666 0.245974
9 0.542460 0.293395 0.115666 0.259151
9 0.394583 0.319017 0.147877 0.284041
9 0.325769 0.370994 0.071742 0.188873
9 0.262079 0.335855 0.158126 0.256223
7 0.475110 0.361477 0.065886 0.202050
6 0.365300 0.603790 0.329429 0.364568
6 0.647877 0.581829 0.326501 0.396779
