9 0.732796 0.746543 0.191801 0.316252
9 0.825769 0.901822 0.096633 0.196356
9 0.756223 0.906946 0.080527 0.186107
9 0.685212 0.908329 0.081991 0.180088
9 0.614202 0.907679 0.095168 0.184642
9 0.540996 0.901741 0.092240 0.184480
9 0.469253 0.906946 0.083455 0.186107
9 0.396047 0.906946 0.098097 0.186107
9 0.326501 0.904018 0.087848 0.191964
9 0.256223 0.907679 0.096633 0.184642
9 0.180088 0.904018 0.096633 0.191964
9 0.613470 0.749471 0.161054 0.316252
9 0.503660 0.758988 0.175695 0.317716
9 0.397511 0.751667 0.185944 0.326501
9 0.282577 0.756060 0.169839 0.306003
