10 0.365300 0.895884 0.361640 0.146413
10 0.607613 0.664552 0.120059 0.345534
10 0.510249 0.660891 0.118594 0.349927
10 0.424597 0.644786 0.122987 0.376281
10 0.329429 0.627949 0.114202 0.330893
6 0.523426 0.476411 0.563690 0.824305
10 0.620059 0.620628 0.121523 0.327965
10 0.647877 0.583293 0.101025 0.329429
10 0.681552 0.551814 0.098097 0.319180
10 0.696925 0.525460 0.117130 0.319180
10 0.538067 0.605255 0.124451 0.344070
10 0.453880 0.609647 0.120059 0.385066
10 0.364568 0.589881 0.111274 0.336750
