10 0.396779 0.298845 0.266471 0.500732
10 0.728404 0.428420 0.144949 0.490483
10 0.822108 0.543354 0.144949 0.477306
10 0.628111 0.443794 0.137628 0.491947
10 0.543924 0.463559 0.144949 0.484627
10 0.464129 0.495038 0.155198 0.477306
10 0.360176 0.522857 0.169839 0.477306
10 0.272328 0.543354 0.158126 0.477306
10 0.726940 0.568245 0.174231 0.471449
10 0.639824 0.592403 0.155198 0.469985
10 0.551245 0.612169 0.121523 0.465593
10 0.470717 0.629738 0.144949 0.465593
10 0.390922 0.642915 0.158126 0.465593
6 0.550512 0.542622 0.793558 0.806735
