0 0.191176 0.414322 0.264706 0.176471
0 0.407928 0.365090 0.194373 0.269821
0 0.232737 0.304987 0.465473 0.277494
0 0.104859 0.206522 0.209718 0.129156
0 0.209719 0.109335 0.352941 0.218670
0 0.447570 0.120205 0.122762 0.145780
0 0.314578 0.056266 0.115090 0.112532
0 0.168159 0.029412 0.187980 0.058824
0 0.462916 0.039003 0.112532 0.078005
0 0.574808 0.138107 0.149616 0.245524
0 0.770460 0.040921 0.405371 0.081841
0 0.730179 0.118286 0.235294 0.164962
0 0.859974 0.179028 0.280051 0.125320
0 0.702685 0.258951 0.175192 0.205882
0 0.549233 0.304348 0.170077 0.258312
0 0.720588 0.364450 0.410486 0.296675
0 0.931586 0.387468 0.136828 0.301790
