0 0.095908 0.212916 0.097187 0.205882
0 0.214834 0.223785 0.094629 0.202046
0 0.335038 0.205243 0.104859 0.234015
0 0.462916 0.212276 0.109974 0.237852
0 0.597187 0.212276 0.132992 0.235294
0 0.750000 0.209719 0.126598 0.240409
0 0.891304 0.177110 0.138107 0.290281
0 0.914322 0.600384 0.143223 0.313299
0 0.764706 0.605499 0.138107 0.305627
0 0.617008 0.599744 0.136829 0.301790
0 0.476343 0.592072 0.147059 0.317136
0 0.349744 0.612532 0.121483 0.276215
0 0.219949 0.612532 0.117647 0.271100
0 0.095908 0.611253 0.117647 0.283887
