0 0.881714 0.459719 0.129156 0.448849
0 0.810102 0.487212 0.116368 0.427110
0 0.127238 0.462276 0.108696 0.428389
0 0.091432 0.406650 0.141944 0.498721
0 0.230179 0.505754 0.120205 0.387468
0 0.186701 0.308824 0.089514 0.297954
0 0.288363 0.239130 0.152174 0.347826
0 0.291560 0.467391 0.069054 0.443734
0 0.342711 0.487852 0.120205 0.428389
0 0.458440 0.547315 0.134271 0.312020
0 0.572890 0.496803 0.130435 0.400256
0 0.690537 0.508951 0.143223 0.370844
0 0.725703 0.328005 0.175192 0.300512
0 0.625959 0.250639 0.147059 0.378517
0 0.502558 0.210358 0.135550 0.402813
0 0.353581 0.184143 0.147059 0.286445
0 0.436061 0.384271 0.176471 0.592072
