0 0.111893 0.498082 0.134271 0.272379
0 0.133632 0.574169 0.101023 0.189258
0 0.245524 0.579923 0.099744 0.187980
0 0.236573 0.485934 0.140665 0.271100
0 0.354859 0.508951 0.111253 0.184143
0 0.338235 0.600384 0.095908 0.164962
0 0.425831 0.600384 0.094629 0.162404
0 0.468670 0.505754 0.080563 0.203325
0 0.526215 0.631714 0.075448 0.145780
0 0.595269 0.620205 0.083120 0.143223
0 0.679668 0.595908 0.090793 0.166240
0 0.760230 0.593350 0.108696 0.179028
0 0.814578 0.557545 0.109974 0.191816
0 0.916240 0.563939 0.108696 0.189258
0 0.884271 0.444373 0.126598 0.175192
0 0.747442 0.466113 0.121483 0.239130
0 0.679028 0.497442 0.107417 0.179028
0 0.564578 0.505115 0.121483 0.176471
