11 0.254758 0.543761 0.202050 0.490483
11 0.461201 0.391492 0.210835 0.408492
11 0.662518 0.427363 0.212299 0.450952
11 0.850659 0.466162 0.163982 0.344070
11 0.568082 0.879860 0.667643 0.240280
11 0.824305 0.727509 0.351390 0.430454
3 0.561493 0.724581 0.142020 0.272328
3 0.285505 0.700423 0.137628 0.279649
3 0.465593 0.615503 0.251830 0.437775
3 0.652269 0.576704 0.156662 0.295754
3 0.297950 0.414918 0.232796 0.396779
3 0.625915 0.201887 0.224012 0.380673
3 0.800878 0.246543 0.237189 0.428990
