11 0.254758 0.456239 0.202050 0.490483
11 0.461201 0.608508 0.210835 0.408492
11 0.662518 0.572637 0.212299 0.450952
11 0.850659 0.533838 0.163982 0.344070
11 0.568082 0.120140 0.667643 0.240280
11 0.824305 0.272491 0.351390 0.430454
3 0.561493 0.275419 0.142020 0.272328
3 0.285505 0.299577 0.137628 0.279649
3 0.465593 0.384497 0.251830 0.437775
3 0.652269 0.423296 0.156662 0.295754
3 0.297950 0.585082 0.232796 0.396779
3 0.625915 0.798113 0.224012 0.380673
3 0.800878 0.753457 0.237189 0.428990
