11 0.248170 0.636164 0.098097 0.206442
11 0.329429 0.649341 0.073206 0.197657
11 0.400439 0.649341 0.092240 0.200586
11 0.478038 0.659590 0.127379 0.238653
11 0.555637 0.672767 0.101025 0.224012
11 0.636896 0.665447 0.111274 0.226940
11 0.719619 0.666911 0.136164 0.218155
11 0.822108 0.661786 0.121523 0.225476
11 0.927526 0.653734 0.130307 0.238653
11 0.918741 0.803807 0.142020 0.248902
11 0.789898 0.822840 0.147877 0.275256
11 0.669839 0.802343 0.144949 0.216691
11 0.561493 0.805271 0.103953 0.202050
11 0.490483 0.808199 0.081991 0.202050
11 0.398243 0.808199 0.108346 0.207906
11 0.299414 0.748170 0.124451 0.169839
11 0.393119 0.750366 0.080527 0.162518
11 0.317716 0.710102 0.079063 0.120059
11 0.213031 0.742313 0.089312 0.213763
11 0.150073 0.744510 0.080527 0.209370
11 0.092972 0.716691 0.060029 0.162518
11 0.305271 0.838214 0.109810 0.180088
11 0.205710 0.844070 0.106881 0.165447
11 0.122255 0.819180 0.095168 0.127379
11 0.049048 0.823572 0.098096 0.124451
