11 0.745242 0.456239 0.202050 0.490483
11 0.538799 0.608508 0.210835 0.408492
11 0.337482 0.572637 0.212299 0.450952
11 0.149341 0.533838 0.163982 0.344070
11 0.431918 0.120140 0.667643 0.240280
11 0.175695 0.272491 0.351390 0.430454
3 0.438507 0.275419 0.142020 0.272328
3 0.714495 0.299577 0.137628 0.279649
3 0.534407 0.384497 0.251830 0.437775
3 0.347731 0.423296 0.156662 0.295754
3 0.702050 0.585082 0.232796 0.396779
3 0.374085 0.798113 0.224012 0.380673
3 0.199122 0.753457 0.237189 0.428990
