11 0.508785 0.803237 0.133236 0.244510
11 0.627379 0.806166 0.150805 0.241581
11 0.257687 0.553603 0.134700 0.237189
11 0.131040 0.506751 0.144949 0.161054
11 0.041728 0.503823 0.083455 0.210835
11 0.646413 0.487718 0.165447 0.228404
11 0.787701 0.483325 0.166911 0.251830
11 0.060761 0.567513 0.121522 0.241581
11 0.142753 0.557264 0.144949 0.238653
11 0.106149 0.642183 0.153734 0.209370
11 0.203514 0.634130 0.149341 0.222548
11 0.373353 0.557264 0.137628 0.235725
11 0.479502 0.558728 0.130307 0.235725
11 0.598829 0.555800 0.134700 0.250366
11 0.705710 0.557264 0.140556 0.250366
11 0.823572 0.557996 0.144949 0.266471
11 0.931918 0.563120 0.136164 0.253294
11 0.295022 0.645844 0.121523 0.210835
11 0.394583 0.650236 0.109810 0.187408
11 0.691069 0.648772 0.137628 0.204978
11 0.803075 0.664145 0.142020 0.206442
11 0.906296 0.645844 0.155198 0.231332
