11 0.096633 0.285342 0.134700 0.204978
11 0.187408 0.256792 0.155198 0.215227
11 0.539531 0.240687 0.147877 0.212299
11 0.357247 0.256792 0.166911 0.229868
11 0.256223 0.554742 0.125915 0.222548
11 0.195461 0.600130 0.054173 0.125915
11 0.042460 0.595006 0.046852 0.130307
11 0.106881 0.550350 0.137628 0.207906
11 0.347731 0.592077 0.042460 0.118594
11 0.375549 0.591345 0.048316 0.117130
11 0.401903 0.588417 0.051245 0.111274
11 0.459004 0.593542 0.051245 0.098097
11 0.521230 0.553278 0.161054 0.181552
11 0.689605 0.312429 0.105417 0.191801
11 0.742313 0.256792 0.079063 0.150805
11 0.797218 0.258256 0.089312 0.168375
11 0.855783 0.290467 0.101025 0.203514
11 0.758419 0.560599 0.102489 0.243045
11 0.863104 0.611111 0.095168 0.144949
11 0.696193 0.665284 0.180088 0.062958
11 0.942167 0.549618 0.071742 0.259151
