12 0.846999 0.496177 0.306002 0.307467
12 0.689605 0.428095 0.166911 0.171303
12 0.765739 0.401009 0.163982 0.166911
12 0.778917 0.193102 0.146413 0.327965
12 0.833821 0.303644 0.153734 0.153734
12 0.686676 0.236294 0.178624 0.191801
12 0.793558 0.624288 0.348463 0.229868
12 0.595900 0.601594 0.169839 0.210835
12 0.532211 0.540833 0.150805 0.250366
12 0.573939 0.351228 0.140556 0.114202
12 0.565886 0.225313 0.150805 0.193265
12 0.495608 0.137465 0.133236 0.099561
12 0.558565 0.130877 0.112738 0.156662
12 0.670571 0.149911 0.134700 0.150805
12 0.360176 0.132341 0.169839 0.147877
12 0.280381 0.199691 0.185944 0.200586
12 0.425329 0.425167 0.153734 0.159590
12 0.436310 0.310233 0.204978 0.234261
12 0.264275 0.478607 0.133236 0.254758
12 0.380673 0.581829 0.240117 0.253294
12 0.384334 0.695299 0.183016 0.099561
12 0.169839 0.413454 0.313324 0.130307
12 0.057101 0.563527 0.114202 0.251830
12 0.166179 0.575240 0.215227 0.260615
12 0.259883 0.701887 0.139092 0.127379
12 0.181552 0.298520 0.263543 0.210835
