12 0.875549 0.122987 0.193265 0.245974
12 0.745242 0.209370 0.234261 0.392387
12 0.770864 0.327965 0.285505 0.655930
12 0.630307 0.322108 0.288433 0.644216
12 0.609078 0.262811 0.234261 0.525622
12 0.586384 0.252562 0.265007 0.505124
12 0.368228 0.287701 0.244510 0.575402
12 0.436310 0.327965 0.298682 0.655930
12 0.445827 0.354401 0.314788 0.708801
12 0.281113 0.347080 0.234261 0.694160
12 0.214495 0.326582 0.226940 0.653164
12 0.133968 0.363917 0.250366 0.727834
12 0.316252 0.399789 0.351391 0.799577
