12 0.895315 0.593542 0.209370 0.382138
12 0.711567 0.600130 0.187408 0.322108
12 0.531479 0.587685 0.213763 0.341142
12 0.437042 0.672605 0.083455 0.165447
12 0.344802 0.648446 0.197657 0.231332
12 0.176428 0.584757 0.147877 0.361640
12 0.073939 0.566455 0.068814 0.395315
12 0.907028 0.264845 0.130307 0.187408
12 0.779649 0.242883 0.127379 0.251830
12 0.656662 0.227509 0.127379 0.294290
12 0.526354 0.212136 0.127379 0.307467
12 0.401171 0.231902 0.102489 0.265007
12 0.281845 0.189442 0.124451 0.346999
12 0.114202 0.188710 0.187408 0.360176
