12 0.888726 0.290630 0.222548 0.153734
12 0.651537 0.297950 0.339678 0.221083
12 0.945095 0.469253 0.109810 0.218155
12 0.956808 0.652269 0.086384 0.226940
12 0.864568 0.622255 0.136164 0.248902
12 0.723280 0.643485 0.134700 0.224012
12 0.820644 0.448755 0.124451 0.212299
12 0.625915 0.437775 0.288433 0.152269
12 0.565886 0.532943 0.276720 0.137628
12 0.534407 0.612006 0.257687 0.149341
12 0.456076 0.690337 0.235725 0.191801
12 0.311127 0.516105 0.115666 0.250366
12 0.333089 0.437042 0.133236 0.250366
12 0.374085 0.350659 0.142020 0.256223
12 0.385066 0.243777 0.207906 0.314788
12 0.212299 0.642753 0.111274 0.228404
12 0.112006 0.651537 0.112738 0.216691
12 0.043924 0.652269 0.087848 0.200586
12 0.147877 0.390190 0.295754 0.314788
