12 0.729868 0.684318 0.185944 0.162518
12 0.797218 0.555474 0.215227 0.206442
12 0.912884 0.459574 0.118594 0.178624
12 0.849195 0.350496 0.149341 0.253294
12 0.757687 0.278754 0.142020 0.265007
12 0.915813 0.233366 0.165447 0.311859
12 0.855051 0.176997 0.140556 0.313324
12 0.651537 0.460306 0.149341 0.300146
12 0.590776 0.691638 0.062958 0.121523
12 0.536603 0.613307 0.083455 0.166911
12 0.595900 0.261916 0.172767 0.389458
12 0.445095 0.306572 0.284041 0.560761
12 0.398243 0.660891 0.140556 0.253294
12 0.320644 0.530584 0.155198 0.297218
12 0.232064 0.663820 0.115666 0.209370
12 0.207906 0.399544 0.196193 0.386530
12 0.109810 0.474947 0.202050 0.423133
