12 0.155198 0.544493 0.243045 0.140556
12 0.160322 0.395884 0.212299 0.153734
12 0.168375 0.248007 0.210835 0.147877
12 0.158858 0.104523 0.206442 0.156662
12 0.393119 0.543761 0.229868 0.121523
12 0.625183 0.549618 0.234261 0.130307
12 0.863104 0.541565 0.244510 0.158126
12 0.387994 0.401741 0.131772 0.109810
12 0.857247 0.403205 0.229868 0.156662
12 0.349927 0.247275 0.128843 0.131772
12 0.500000 0.239222 0.109810 0.130307
12 0.661054 0.237758 0.124451 0.118594
12 0.875549 0.242151 0.199122 0.144949
12 0.394583 0.102326 0.194729 0.152269
12 0.628111 0.102326 0.190337 0.152269
12 0.864568 0.100862 0.203514 0.149341
