6 0.629156 0.328645 0.222506 0.127877
6 0.614450 0.531330 0.226343 0.246803
6 0.915601 0.181586 0.056266 0.194373
6 0.951407 0.180946 0.051151 0.195652
6 0.977621 0.183504 0.044757 0.172634
6 0.912404 0.347826 0.037084 0.125320
6 0.926471 0.342072 0.037084 0.126598
6 0.937980 0.345269 0.044757 0.125320
6 0.949488 0.339514 0.047315 0.118926
6 0.972506 0.340793 0.042199 0.129156
6 0.945652 0.480179 0.108696 0.106138
6 0.846547 0.237212 0.086957 0.090793
6 0.859974 0.083120 0.060102 0.143223
6 0.145141 0.312020 0.034527 0.196931
6 0.115729 0.311381 0.070332 0.200767
6 0.068414 0.319693 0.044757 0.189258
6 0.042199 0.319693 0.061381 0.186701
6 0.012788 0.313299 0.025575 0.207161
6 0.173913 0.077366 0.056266 0.154731
5 0.239130 0.627238 0.127877 0.121483
13 0.349744 0.655371 0.126598 0.049872
6 0.952685 0.585678 0.081841 0.058824
6 0.921355 0.598465 0.052430 0.061381
