2 0.609974 0.698849 0.386189 0.354220
2 0.832481 0.255754 0.335038 0.329923
2 0.848465 0.092072 0.303069 0.184143
2 0.627877 0.120844 0.299233 0.241688
2 0.537084 0.191816 0.347826 0.209719
2 0.320972 0.103581 0.375959 0.166240
2 0.203964 0.047954 0.221228 0.095908
2 0.074169 0.146419 0.148338 0.203325
2 0.333120 0.286445 0.282609 0.304348
2 0.554348 0.386189 0.236573 0.340153
2 0.666880 0.487852 0.282609 0.259591
2 0.888107 0.421995 0.223785 0.360614
2 0.854220 0.716752 0.291560 0.415601
2 0.910486 0.817775 0.179028 0.364450
2 0.663043 0.936701 0.272379 0.126598
2 0.556266 0.870205 0.460358 0.259590
2 0.323529 0.923274 0.283887 0.153452
2 0.096547 0.940537 0.193094 0.118926
2 0.110614 0.778772 0.221228 0.276215
2 0.184783 0.553708 0.369565 0.265985
2 0.363171 0.626598 0.263427 0.386189
2 0.163683 0.260230 0.191816 0.300512
2 0.060102 0.306905 0.120204 0.209719
