17 0.899527 0.768322 0.156028 0.231678
17 0.901891 0.456265 0.151300 0.241135
17 0.905437 0.148936 0.158392 0.241135
17 0.702128 0.148936 0.172577 0.231678
17 0.698582 0.457447 0.170213 0.238771
17 0.697400 0.764775 0.158392 0.252955
17 0.489362 0.762411 0.167849 0.252955
17 0.495272 0.451537 0.160757 0.250591
17 0.496454 0.146572 0.163121 0.245863
17 0.289598 0.141844 0.160757 0.236407
17 0.290780 0.451537 0.158392 0.250591
17 0.283688 0.760047 0.163121 0.248227
17 0.085106 0.137116 0.158392 0.236407
17 0.083924 0.449173 0.156028 0.255319
17 0.083924 0.758865 0.160757 0.245863
