2 0.609974 0.301151 0.386189 0.354220
2 0.832481 0.744246 0.335038 0.329923
2 0.848465 0.907928 0.303069 0.184143
2 0.627877 0.879156 0.299233 0.241688
2 0.537084 0.808184 0.347826 0.209719
2 0.320972 0.896419 0.375959 0.166240
2 0.203964 0.952046 0.221228 0.095908
2 0.074169 0.853581 0.148338 0.203325
2 0.333120 0.713555 0.282609 0.304348
2 0.554348 0.613811 0.236573 0.340153
2 0.666880 0.512148 0.282609 0.259591
2 0.888107 0.578005 0.223785 0.360614
2 0.854220 0.283248 0.291560 0.415601
2 0.910486 0.182225 0.179028 0.364450
2 0.663043 0.063299 0.272379 0.126598
2 0.556266 0.129795 0.460358 0.259590
2 0.323529 0.076726 0.283887 0.153452
2 0.096547 0.059463 0.193094 0.118926
2 0.110614 0.221228 0.221228 0.276215
2 0.184783 0.446292 0.369565 0.265985
2 0.363171 0.373402 0.263427 0.386189
2 0.163683 0.739770 0.191816 0.300512
2 0.060102 0.693095 0.120204 0.209719
