1 0.782609 0.457801 0.250639 0.202046
1 0.372762 0.510230 0.453964 0.179028
1 0.326087 0.634271 0.478261 0.212276
1 0.260230 0.760230 0.469309 0.236573
1 0.537084 0.774936 0.150895 0.176471
1 0.653453 0.776854 0.104859 0.157289
1 0.614450 0.652174 0.139386 0.163683
1 0.362532 0.203325 0.538363 0.181586
1 0.370844 0.324808 0.552430 0.186701
1 0.359335 0.435422 0.578005 0.177749
1 0.443734 0.166880 0.547315 0.167519
1 0.658568 0.299872 0.127877 0.149616
1 0.645780 0.426471 0.089514 0.147059
1 0.547954 0.170077 0.453964 0.199488
1 0.762148 0.164962 0.102302 0.158568
1 0.772379 0.290921 0.115090 0.144501
