5 0.633632 0.331202 0.244246 0.355499
5 0.871483 0.329923 0.231458 0.355499
5 0.377238 0.325448 0.227621 0.356777
5 0.122123 0.322251 0.228900 0.358056
5 0.123402 0.821611 0.213555 0.356777
5 0.372762 0.815217 0.226343 0.369565
5 0.624680 0.816496 0.241688 0.361893
5 0.884910 0.812020 0.230179 0.375959
15 0.878517 0.590793 0.051151 0.189258
15 0.613811 0.578645 0.058824 0.200767
15 0.379795 0.582481 0.046036 0.210997
15 0.127238 0.592072 0.049872 0.214834
15 0.127877 0.092072 0.051151 0.184143
15 0.376598 0.094629 0.072890 0.189258
15 0.628517 0.094629 0.062660 0.189258
15 0.879795 0.092711 0.043478 0.185422
