1 0.874680 0.429028 0.186701 0.172634
1 0.884910 0.284527 0.186701 0.139386
1 0.693734 0.119565 0.157289 0.198210
1 0.469309 0.151535 0.171355 0.195652
1 0.491688 0.044118 0.287724 0.088235
1 0.581202 0.195013 0.164962 0.244246
1 0.259591 0.147059 0.194373 0.202046
1 0.125320 0.148977 0.163683 0.249361
1 0.047315 0.155371 0.094629 0.198210
1 0.107417 0.360614 0.214834 0.194373
1 0.254476 0.353581 0.145780 0.141944
1 0.485934 0.315217 0.209719 0.177749
1 0.653453 0.400895 0.145780 0.249361
1 0.892583 0.651535 0.214834 0.085678
1 0.815857 0.453964 0.294118 0.406650
1 0.730179 0.617008 0.104859 0.221228
1 0.640026 0.586317 0.172634 0.172634
1 0.501918 0.480818 0.208440 0.214834
1 0.350384 0.621483 0.196931 0.143223
1 0.503836 0.643862 0.179028 0.134271
1 0.176471 0.554348 0.219949 0.280051
1 0.335678 0.454604 0.149616 0.203325
1 0.090793 0.547954 0.181586 0.251918
1 0.081841 0.547954 0.163682 0.129156
