1 0.782609 0.542199 0.250639 0.202046
1 0.372762 0.489770 0.453964 0.179028
1 0.326087 0.365729 0.478261 0.212276
1 0.260230 0.239770 0.469309 0.236573
1 0.537084 0.225064 0.150895 0.176471
1 0.653453 0.223146 0.104859 0.157289
1 0.614450 0.347826 0.139386 0.163683
1 0.362532 0.796675 0.538363 0.181586
1 0.370844 0.675192 0.552430 0.186701
1 0.359335 0.564578 0.578005 0.177749
1 0.443734 0.833120 0.547315 0.167519
1 0.658568 0.700128 0.127877 0.149616
1 0.645780 0.573529 0.089514 0.147059
1 0.547954 0.829923 0.453964 0.199488
1 0.762148 0.835038 0.102302 0.158568
1 0.772379 0.709079 0.115090 0.144501
