1 0.217391 0.457801 0.250639 0.202046
1 0.627238 0.510230 0.453964 0.179028
1 0.673913 0.634271 0.478261 0.212276
1 0.739770 0.760230 0.469309 0.236573
1 0.462916 0.774936 0.150895 0.176471
1 0.346547 0.776854 0.104859 0.157289
1 0.385550 0.652174 0.139386 0.163683
1 0.637468 0.203325 0.538363 0.181586
1 0.629156 0.324808 0.552430 0.186701
1 0.640665 0.435422 0.578005 0.177749
1 0.556266 0.166880 0.547315 0.167519
1 0.341432 0.299872 0.127877 0.149616
1 0.354220 0.426471 0.089514 0.147059
1 0.452046 0.170077 0.453964 0.199488
1 0.237852 0.164962 0.102302 0.158568
1 0.227621 0.290921 0.115090 0.144501
