1 0.874680 0.570972 0.186701 0.172634
1 0.884910 0.715473 0.186701 0.139386
1 0.693734 0.880435 0.157289 0.198210
1 0.469309 0.848465 0.171355 0.195652
1 0.491688 0.955882 0.287724 0.088235
1 0.581202 0.804987 0.164962 0.244246
1 0.259591 0.852941 0.194373 0.202046
1 0.125320 0.851023 0.163683 0.249361
1 0.047315 0.844629 0.094629 0.198210
1 0.107417 0.639386 0.214834 0.194373
1 0.254476 0.646419 0.145780 0.141944
1 0.485934 0.684783 0.209719 0.177749
1 0.653453 0.599105 0.145780 0.249361
1 0.892583 0.348465 0.214834 0.085678
1 0.815857 0.546036 0.294118 0.406650
1 0.730179 0.382992 0.104859 0.221228
1 0.640026 0.413683 0.172634 0.172634
1 0.501918 0.519182 0.208440 0.214834
1 0.350384 0.378517 0.196931 0.143223
1 0.503836 0.356138 0.179028 0.134271
1 0.176471 0.445652 0.219949 0.280051
1 0.335678 0.545396 0.149616 0.203325
1 0.090793 0.452046 0.181586 0.251918
1 0.081841 0.452046 0.163682 0.129156
