1 0.125320 0.570972 0.186701 0.172634
1 0.115090 0.715473 0.186701 0.139386
1 0.306266 0.880435 0.157289 0.198210
1 0.530691 0.848465 0.171355 0.195652
1 0.508312 0.955882 0.287724 0.088235
1 0.418798 0.804987 0.164962 0.244246
1 0.740409 0.852941 0.194373 0.202046
1 0.874680 0.851023 0.163683 0.249361
1 0.952685 0.844629 0.094629 0.198210
1 0.892583 0.639386 0.214834 0.194373
1 0.745524 0.646419 0.145780 0.141944
1 0.514066 0.684783 0.209719 0.177749
1 0.346547 0.599105 0.145780 0.249361
1 0.107417 0.348465 0.214834 0.085678
1 0.184143 0.546036 0.294118 0.406650
1 0.269821 0.382992 0.104859 0.221228
1 0.359974 0.413683 0.172634 0.172634
1 0.498082 0.519182 0.208440 0.214834
1 0.649616 0.378517 0.196931 0.143223
1 0.496164 0.356138 0.179028 0.134271
1 0.823529 0.445652 0.219949 0.280051
1 0.664322 0.545396 0.149616 0.203325
1 0.909207 0.452046 0.181586 0.251918
1 0.918159 0.452046 0.163682 0.129156
