1 0.217391 0.542199 0.250639 0.202046
1 0.627238 0.489770 0.453964 0.179028
1 0.673913 0.365729 0.478261 0.212276
1 0.739770 0.239770 0.469309 0.236573
1 0.462916 0.225064 0.150895 0.176471
1 0.346547 0.223146 0.104859 0.157289
1 0.385550 0.347826 0.139386 0.163683
1 0.637468 0.796675 0.538363 0.181586
1 0.629156 0.675192 0.552430 0.186701
1 0.640665 0.564578 0.578005 0.177749
1 0.556266 0.833120 0.547315 0.167519
1 0.341432 0.700128 0.127877 0.149616
1 0.354220 0.573529 0.089514 0.147059
1 0.452046 0.829923 0.453964 0.199488
1 0.237852 0.835038 0.102302 0.158568
1 0.227621 0.709079 0.115090 0.144501
