18 0.169031 0.134752 0.226950 0.236407
18 0.846336 0.127660 0.191489 0.189125
18 0.403073 0.135934 0.203310 0.215130
18 0.632388 0.130024 0.198582 0.203310
18 0.619385 0.379433 0.243499 0.196217
18 0.154846 0.414894 0.236407 0.229314
18 0.358156 0.754137 0.208038 0.250591
18 0.585106 0.836879 0.264775 0.217494
18 0.843972 0.372340 0.196217 0.210402
18 0.594563 0.605201 0.236407 0.184397
18 0.841608 0.843972 0.224586 0.222222
18 0.838061 0.601655 0.222222 0.205674
18 0.382979 0.420804 0.229314 0.226950
18 0.148936 0.755319 0.224586 0.267139
