3 0.110614 0.465473 0.090793 0.132992
3 0.056905 0.427110 0.103581 0.140665
3 0.148338 0.383632 0.099744 0.153453
3 0.202685 0.427749 0.098465 0.167519
3 0.249361 0.338235 0.109974 0.185422
3 0.312020 0.384271 0.107417 0.198210
3 0.336317 0.304987 0.112532 0.208440
3 0.421995 0.348465 0.127877 0.213555
3 0.467391 0.183504 0.139386 0.147059
3 0.539642 0.286445 0.143223 0.281330
3 0.577366 0.130435 0.131714 0.099744
3 0.663043 0.254476 0.136829 0.258312
3 0.664322 0.087596 0.106138 0.106138
3 0.757033 0.210997 0.117647 0.296675
3 0.851662 0.239130 0.107417 0.212276
3 0.940537 0.240409 0.095908 0.148338