0 0.039003 0.185422 0.078005 0.319693
0 0.124680 0.183504 0.101023 0.328645
0 0.226982 0.192455 0.103581 0.320972
0 0.318414 0.235294 0.099744 0.219949
0 0.413683 0.181586 0.098465 0.340153
0 0.507033 0.207801 0.098465 0.285166
0 0.602941 0.181586 0.108696 0.337596
0 0.695013 0.200128 0.090793 0.290281
0 0.783887 0.227621 0.099744 0.260870
0 0.878517 0.206522 0.104859 0.292839
0 0.964194 0.175192 0.071611 0.347826
0 0.039003 0.578645 0.078005 0.290281
0 0.125320 0.578645 0.092072 0.285166
0 0.218670 0.577366 0.099744 0.290281
0 0.315217 0.562660 0.101023 0.324808
0 0.402813 0.568414 0.084399 0.297954
0 0.495524 0.555627 0.093350 0.320972
0 0.587596 0.579284 0.098465 0.289003
0 0.683504 0.562020 0.111253 0.331202
0 0.783248 0.560742 0.093350 0.336317
0 0.877238 0.590153 0.097187 0.254476
0 0.963555 0.578645 0.072890 0.280051