0 0.088235 0.232737 0.081841 0.199488
0 0.179668 0.212276 0.083120 0.260870
0 0.284527 0.214194 0.103581 0.244246
0 0.395141 0.196292 0.102302 0.282609
0 0.524297 0.188619 0.109974 0.320972
0 0.645780 0.186701 0.109974 0.301790
0 0.773657 0.202685 0.120205 0.274936
0 0.906650 0.177749 0.122762 0.332481
0 0.909847 0.624041 0.149616 0.322251
0 0.758951 0.631074 0.149616 0.308184
0 0.610614 0.631714 0.147059 0.324808
0 0.468031 0.631714 0.153453 0.301790
0 0.326087 0.620205 0.140665 0.322251
0 0.196292 0.645780 0.129156 0.271100
0 0.070332 0.661765 0.120205 0.267263