6 0.067775 0.438619 0.033248 0.035806
6 0.093990 0.459079 0.031969 0.028133
6 0.151535 0.476982 0.044757 0.048593
6 0.191816 0.453325 0.048593 0.034527
6 0.177749 0.472506 0.038363 0.037084
6 0.205882 0.478261 0.035806 0.043478
6 0.292199 0.545396 0.054987 0.047315
6 0.265985 0.521100 0.061381 0.034527
6 0.417519 0.560102 0.093350 0.051151
6 0.367647 0.532609 0.060102 0.044757
6 0.398977 0.450767 0.056266 0.057545
6 0.354220 0.476982 0.040921 0.040921
6 0.294757 0.476982 0.060102 0.038363
6 0.396419 0.326726 0.150895 0.085678
6 0.512148 0.437980 0.139386 0.106138
6 0.626598 0.484015 0.079284 0.090793
6 0.604859 0.442455 0.043478 0.043478
6 0.579923 0.553069 0.039642 0.057545
6 0.663683 0.549872 0.035806 0.058824
6 0.517903 0.542839 0.053708 0.049872
6 0.503197 0.526215 0.203325 0.072890