6 0.888747 0.490409 0.148338 0.149616
6 0.615090 0.293478 0.168798 0.175192
6 0.715473 0.446292 0.167519 0.173913
6 0.646419 0.581841 0.213555 0.104859
6 0.546036 0.397059 0.140665 0.095908
6 0.582481 0.484015 0.136829 0.149616
6 0.426471 0.483376 0.131714 0.140665
6 0.480818 0.562020 0.163683 0.144501
6 0.298593 0.501279 0.134271 0.132992
6 0.317136 0.599105 0.094629 0.080563
6 0.215473 0.515985 0.157289 0.167519
6 0.079923 0.437340 0.129156 0.148338
6 0.301790 0.268542 0.340153 0.329923
6 0.081202 0.294757 0.113811 0.149616