6 0.523657 0.351023 0.556266 0.185422
6 0.741049 0.444373 0.517902 0.090793
6 0.741049 0.543478 0.482097 0.166240
6 0.774936 0.523018 0.304348 0.086957
6 0.703325 0.584399 0.485934 0.161125
6 0.352941 0.444373 0.365729 0.118926
6 0.349105 0.529412 0.314578 0.127877
6 0.310102 0.600384 0.272379 0.116368
6 0.413043 0.142583 0.309463 0.121483
6 0.156650 0.304348 0.164962 0.079284
6 0.132353 0.519821 0.216113 0.075448
6 0.772379 0.282609 0.455242 0.099744
6 0.856138 0.379795 0.287724 0.148338
6 0.604859 0.229540 0.173913 0.144501
6 0.395141 0.226982 0.260870 0.164962
6 0.174552 0.401535 0.101023 0.076726
6 0.090153 0.610614 0.180306 0.126598
6 0.948849 0.184143 0.102302 0.046036