0 0.732310 0.441255 0.264352 0.257677
0 0.906208 0.459947 0.187583 0.273698
0 0.917557 0.206943 0.164886 0.293725
0 0.777704 0.157543 0.261682 0.299065
0 0.719626 0.036048 0.137517 0.072096
0 0.547397 0.202937 0.268358 0.312417
0 0.562750 0.443925 0.259012 0.273698
0 0.329773 0.463284 0.271028 0.242991
0 0.275701 0.318425 0.261682 0.305741
0 0.103138 0.322430 0.206275 0.303071
0 0.091455 0.526035 0.157543 0.130841
0 0.069092 0.125501 0.138184 0.248331
0 0.269025 0.093458 0.213618 0.186916
0 0.475968 0.084780 0.237650 0.169559